
package program2;




public class Program2 {

    public static void main(String[] args) throws Exception {
 
       double [][] cola = { {0.9, 0.05, 0.05},   
                            {0.05, 0.9, 0.05},
                            {0.05, 0.05, 0.9}
                           };

       Matrix.algorithm1(cola);

       Matrix.algorithm2(cola);

    }//main
}//class
 /*   
run:
Algorithm 1
 #0Output
0.900 	0.0500 	0.0500 	
0.0500 	0.900 	0.0500 	
0.0500 	0.0500 	0.900 	

 #1Output
0.815 	0.0925 	0.0925 	
0.0925 	0.815 	0.0925 	
0.0925 	0.0925 	0.815 	

#2Output
0.743 	0.129 	0.129 	
0.129 	0.743 	0.129 	
0.129 	0.129 	0.743 	

#3Output
0.681 	0.159 	0.159 	
0.159 	0.681 	0.159 	
0.159 	0.159 	0.681 	

#4Output
0.629 	0.185 	0.185 	
0.185 	0.629 	0.185 	
0.185 	0.185 	0.629 	

#5Output
0.334 	0.333 	0.333 	
0.333 	0.334 	0.333 	
0.333 	0.333 	0.334 	

#46Output
0.334 	0.333 	0.333 	
0.333 	0.334 	0.333 	
0.333 	0.333 	0.334 	

#47Output
0.334 	0.333 	0.333 	
0.333 	0.334 	0.333 	
0.333 	0.333 	0.334 	

#48Output
0.334 	0.333 	0.333 	
0.333 	0.334 	0.333 	
0.333 	0.333 	0.334 	

#49Output
0.334 	0.333 	0.333 	
0.333 	0.334 	0.333 	
0.333 	0.333 	0.334 	

#50Output
0.333 	0.333 	0.333 	
0.333 	0.333 	0.333 	
0.333 	0.333 	0.333 	

#51Output
Algorithm 2
 #0Output
0.900 	0.0500 	0.0500 	
0.0500 	0.900 	0.0500 	
0.0500 	0.0500 	0.900 	

 #1Output
0.743 	0.129 	0.129 	
0.129 	0.743 	0.129 	
0.129 	0.129 	0.743 	

#2Output
0.585 	0.208 	0.208 	
0.208 	0.585 	0.208 	
0.208 	0.208 	0.585 	

#3Output
0.465 	0.268 	0.268 	
0.268 	0.465 	0.268 	
0.268 	0.268 	0.465 	

#4Output
0.392 	0.304 	0.304 	
0.304 	0.392 	0.304 	
0.304 	0.304 	0.392 	

#5Output
0.355 	0.322 	0.322 	
0.322 	0.355 	0.322 	
0.322 	0.322 	0.355 	

#6Output
0.340 	0.330 	0.330 	
0.330 	0.340 	0.330 	
0.330 	0.330 	0.340 	

#7Output
0.335 	0.332 	0.332 	
0.332 	0.335 	0.332 	
0.332 	0.332 	0.335 	

#8Output
0.334 	0.333 	0.333 	
0.333 	0.334 	0.333 	
0.333 	0.333 	0.334 	

#9Output
0.333 	0.333 	0.333 	
0.333 	0.333 	0.333 	
0.333 	0.333 	0.333 	

#10Output
0.333 	0.333 	0.333 	
0.333 	0.333 	0.333 	
0.333 	0.333 	0.333 	

#11Output
BUILD SUCCESSFUL (total time: 0 seconds)*/